250
15
7
27
25
4
25
14
21
25
37
25
33
21
28
16
18
7
4
22
34
12
10
26
9
33
14
7
11
16
9
7
15
10
16
19
26
17
12
3
13
2
24
28
29
20
29
2
32
8
23
27
35
8
32
29
8
34
35
12
10
20
32
23
7
12
1
33
29
1
26
28
23
37
35
5
8
19
0
37
0
2
0
29
30
37
17
32
22
0
6
9
24
27
26
22
29
13
27
0
36
3
32
15
12
26
13
3
4
23
31
0
36
6
14
34
11
5
35
36
21
31
37
8
26
36
22
8
1
3
23
11
3
2
5
13
11
24
23
27
35
31
14
10
19
9
16
4
9
31
9
2
4
4
22
20
2
10
21
13
10
34
14
31
13
15
27
17
25
34
15
3
8
24
5
17
37
28
4
17
35
24
5
36
6
16
18
30
31
12
30
15
17
22
6
23
18
30
19
28
32
21
17
11
30
1
3
27
17
18
5
16
5
10
30
6
31
14
14
6
20
11
10
13
1
19
20
1
0
15
22
25
28
20
30
15
32
24
26
20
11
34
18
34
33
33
12
21
28
8
29
