250
5
14
12
22
13
26
9
28
11
29
3
23
30
5
31
0
30
19
20
4
7
9
13
3
31
27
25
21
3
12
15
11
16
5
11
22
0
25
30
20
25
18
3
19
18
24
10
21
7
0
32
15
31
6
19
4
13
18
16
8
16
24
1
1
32
15
27
14
10
13
22
2
0
29
28
4
0
28
8
32
31
32
16
28
8
11
21
28
21
14
7
1
17
13
7
11
19
19
18
3
27
26
21
11
22
14
22
24
12
11
18
13
24
28
5
9
29
20
26
4
10
8
17
6
1
32
25
17
4
25
6
9
11
27
14
14
9
20
6
18
5
15
19
23
10
9
21
10
30
12
16
28
1
23
19
16
4
24
29
31
0
1
23
8
2
1
1
22
25
17
5
7
27
23
17
6
8
8
22
20
14
2
24
4
3
15
3
20
7
27
26
20
32
4
9
17
0
7
14
21
17
24
32
9
18
30
23
12
20
2
16
2
7
8
31
5
15
1
5
32
29
10
6
26
6
18
26
3
28
5
3
6
12
23
2
6
0
13
25
24
25
0
23
30
12
22
12
15
2
17
